Please define the path of the input CSV file. (Note - program assumes last column of data is a label.)
 -> magic04.csv
Loading data...
Centering data...


--- Question 1... ---
np.allclose(implemented outerProduct covar, numpy.cov) = True


--- Question 2... ---
Covariance Matrix:
[[  6.57944546e+03   9.99774723e-12]
 [  9.99774723e-12   3.85366786e+03]]

Variance Captured :
10433.1133189

Percentage of Total Variance Captured :
0.698463570247


--- Question 3... ---
[[  1.79468657e+03   5.98832056e+02   1.40634899e+01  -4.88673783e+00
   -2.80023307e+00  -9.24385500e+02  -2.58713552e+02   1.18133866e+01
   -9.70630726e+00   1.32479447e+03]
 [  5.98832056e+02   3.36560086e+02   6.22077467e+00  -2.04502933e+00
   -1.17816446e+00  -2.89957100e+02  -1.64885064e+02   1.51852884e+01
    3.16350305e+01   4.61761921e+02]
 [  1.40634899e+01   6.22077467e+00   2.23337740e-01  -7.35072146e-02
   -4.22410108e-02  -4.47284297e+00   2.29341395e+00   1.52113339e-01
   -2.30280376e+00   1.54346558e+01]
 [ -4.88673783e+00  -2.04502933e+00  -7.35072146e-02   3.34188897e-02
    1.97252425e-02   1.21513100e+00  -1.13646775e+00  -4.30002400e-02
    1.12267849e+00  -4.48542469e+00]
 [ -2.80023307e+00  -1.17816446e+00  -4.22410108e-02   1.97252425e-02
    1.22119946e-02   6.55298229e-01  -6.69353952e-01  -2.52377277e-02
    6.62872326e-01  -2.51566226e+00]
 [ -9.24385500e+02  -2.89957100e+02  -4.47284297e+00   1.21513100e+00
    6.55298229e-01   3.50517348e+03   8.27439241e+02   3.14776536e+00
   -8.60618247e+01  -9.14642631e+02]
 [ -2.58713552e+02  -1.64885064e+02   2.29341395e+00  -1.13646775e+00
   -6.69353952e-01   8.27439241e+02   2.60087529e+03  -1.82654002e+01
   -2.47972042e+02   1.41107736e+02]
 [  1.18133866e+01   1.51852884e+01   1.52113339e-01  -4.30002400e-02
   -2.52377277e-02   3.14776536e+00  -1.82654002e+01   4.33759406e+02
    2.53290106e+00   1.77842628e+01]
 [ -9.70630726e+00   3.16350305e+01  -2.30280376e+00   1.12267849e+00
    6.62872326e-01  -8.60618247e+01  -2.47972042e+02   2.53290106e+00
    6.81363178e+02  -4.30230626e+02]
 [  1.32479447e+03   4.61761921e+02   1.54346558e+01  -4.48542469e+00
   -2.51566226e+00  -9.14642631e+02   1.41107736e+02   1.77842628e+01
   -4.30230626e+02   5.58454635e+03]]


--- Question 4... ---


--- Question 5... ---
[[ 117.84756134  -14.90843517   12.2354962    14.31010403]
 [  10.03020362   39.38496448   -7.96870364  -17.10068505]
 [ -58.82204263   40.77377882 -136.30468772  148.41048331]
 [  86.68487151  -12.50295721  -16.22557232   -5.28930662]
 [-147.28156006   75.05148551  -14.82581146  -17.44100101]
 [ -15.05789895   77.87754754  -11.00628796    3.94764709]
 [ -13.72312513   38.40750936   11.25751148   -8.03559106]
 [ -15.07545877   54.03432347  -19.00593603  -27.84081243]
 [ -15.60868156  139.296778     -9.14598005   68.87191355]
 [  93.40276435    5.11316768   30.44094869   22.63516634]]